100
493 515 465 1 1 0
493 515 465 1 4.03553 1
492 516 463 1 7.07107 0
493 515 465 4.03553 1 1
493 515 465 4.03553 4.03553 0
496 513 468 4.03553 7.07107 1
492 516 423 7.07107 1 1
494 514 466 7.07107 4.03553 0
493 517 169 7.07107 7.07107 0
491 591 103 1 10.1066 1
492 591 106 1 13.1421 1
491 591 15 1 16.1777 0
491 591 461 1 19.2132 0
493 590 106 4.03553 10.1066 1
491 591 15 4.03553 13.1421 0
492 591 105 4.03553 16.1777 1
491 592 25 4.03553 19.2132 0
493 588 110 7.07107 10.1066 1
493 590 26 7.07107 13.1421 0
493 590 26 7.07107 16.1777 0
490 594 28 7.07107 19.2132 0
432 610 104 1 22.2487 1
433 612 610 1 25.2843 1
432 612 611 1 28.3198 1
408 612 170 4.03553 22.2487 1
432 612 514 4.03553 25.2843 1
435 612 1 4.03553 28.3198 0
433 609 178 7.07107 22.2487 1
431 609 107 7.07107 25.2843 1
431 609 172 7.07107 28.3198 1
433 514 196 1 31.3553 0
431 512 190 1 34.3909 0
431 512 190 1 37.4264 1
431 512 189 4.03553 31.3553 1
431 512 190 4.03553 34.3909 1
431 512 190 4.03553 37.4264 1
430 511 194 7.07107 31.3553 0
430 511 189 7.07107 34.3909 0
431 512 189 7.07107 37.4264 1
485 589 73 10.1066 1 0
486 588 74 10.1066 4.03553 0
489 587 137 10.1066 7.07107 1
484 588 133 13.1421 1 1
484 588 73 13.1421 4.03553 0
486 589 133 13.1421 7.07107 1
484 588 133 16.1777 1 1
484 588 74 16.1777 4.03553 0
486 590 74 16.1777 7.07107 0
485 589 132 19.2132 1 1
484 588 72 19.2132 4.03553 0
488 589 130 19.2132 7.07107 1
510 589 34 10.1066 10.1066 0
512 590 85 10.1066 13.1421 1
512 590 85 10.1066 16.1777 1
510 593 88 10.1066 19.2132 1
512 590 86 13.1421 10.1066 1
513 590 35 13.1421 13.1421 0
513 590 35 13.1421 16.1777 0
523 590 13 13.1421 19.2132 0
512 590 34 16.1777 10.1066 0
513 590 35 16.1777 13.1421 0
513 590 89 16.1777 16.1777 1
524 590 10 16.1777 19.2132 0
511 588 89 19.2132 10.1066 1
512 590 86 19.2132 13.1421 1
512 590 36 19.2132 16.1777 0
515 590 87 19.2132 19.2132 1
412 593 49 10.1066 22.2487 0
392 594 148 10.1066 25.2843 0
392 594 138 10.1066 28.3198 1
392 592 181 13.1421 22.2487 0
391 591 62 13.1421 25.2843 1
356 592 25 13.1421 28.3198 0
392 592 238 16.1777 22.2487 1
392 591 109 16.1777 25.2843 0
369 591 294 16.1777 28.3198 1
394 591 253 19.2132 22.2487 1
391 593 292 19.2132 25.2843 1
378 593 303 19.2132 28.3198 0
420 511 49 10.1066 31.3553 1
419 508 451 10.1066 34.3909 1
421 508 451 10.1066 37.4264 1
383 504 443 13.1421 31.3553 1
419 506 32 13.1421 34.3909 1
419 506 451 13.1421 37.4264 1
419 508 10 16.1777 31.3553 1
419 506 32 16.1777 34.3909 1
419 506 32 16.1777 37.4264 1
419 508 451 19.2132 31.3553 1
419 507 32 19.2132 34.3909 1
419 506 451 19.2132 37.4264 1
485 589 73 22.2487 1 0
485 589 73 22.2487 4.03553 0
484 588 129 22.2487 7.07107 1
513 589 52 22.2487 10.1066 0
514 589 46 22.2487 13.1421 0
513 589 85 22.2487 16.1777 1
483 591 554 22.2487 19.2132 1
394 591 235 22.2487 22.2487 0
390 593 296 22.2487 25.2843 0
