100
765 128 20 1 1 1
402 66 20 1 4.03553 1
183 385 20 1 7.07107 1
114 695 20 4.03553 1 1
819 215 20 4.03553 4.03553 1
274 633 20 4.03553 7.07107 1
575 360 20 7.07107 1 1
749 153 20 7.07107 4.03553 1
883 783 20 7.07107 7.07107 1
520 709 20 1 10.1066 1
665 823 20 1 13.1421 1
618 245 20 1 16.1777 1
392 735 20 1 19.2132 1
313 597 20 4.03553 10.1066 1
670 417 20 4.03553 13.1421 1
31 289 20 4.03553 16.1777 1
175 616 20 4.03553 19.2132 1
768 802 20 7.07107 10.1066 1
97 91 20 7.07107 13.1421 1
484 331 20 7.07107 16.1777 1
658 253 20 7.07107 19.2132 1
447 755 20 1 22.2487 1
228 494 20 1 25.2843 1
315 510 20 1 28.3198 1
161 764 20 4.03553 22.2487 1
832 523 20 4.03553 25.2843 1
598 378 20 4.03553 28.3198 1
668 660 20 7.07107 22.2487 1
512 813 20 7.07107 25.2843 1
375 644 20 7.07107 28.3198 1
787 42 20 1 31.3553 1
34 150 20 1 34.3909 1
478 553 20 1 37.4264 1
327 746 20 4.03553 31.3553 1
793 613 20 4.03553 34.3909 1
355 629 20 4.03553 37.4264 1
676 256 20 7.07107 31.3553 1
216 374 20 7.07107 34.3909 1
605 514 20 7.07107 37.4264 1
219 447 20 10.1066 1 1
226 495 20 10.1066 4.03553 1
175 721 20 10.1066 7.07107 1
661 727 20 13.1421 1 1
695 365 20 13.1421 4.03553 1
340 834 20 13.1421 7.07107 1
411 795 20 16.1777 1 1
648 51 20 16.1777 4.03553 1
295 408 20 16.1777 7.07107 1
341 629 20 19.2132 1 1
320 510 20 19.2132 4.03553 1
842 701 20 19.2132 7.07107 1
825 845 20 10.1066 10.1066 1
794 807 20 10.1066 13.1421 1
677 661 20 10.1066 16.1777 1
658 745 20 10.1066 19.2132 1
732 486 20 13.1421 10.1066 1
428 828 20 13.1421 13.1421 1
307 352 20 13.1421 16.1777 1
722 200 20 13.1421 19.2132 1
748 89 20 16.1777 10.1066 1
694 188 20 16.1777 13.1421 1
893 475 20 16.1777 16.1777 1
594 371 20 16.1777 19.2132 1
404 539 20 19.2132 10.1066 1
722 619 20 19.2132 13.1421 1
47 570 20 19.2132 16.1777 1
628 661 20 19.2132 19.2132 1
723 242 20 10.1066 22.2487 1
125 430 20 10.1066 25.2843 1
415 763 20 10.1066 28.3198 1
209 498 20 13.1421 22.2487 1
832 787 20 13.1421 25.2843 1
292 604 20 13.1421 28.3198 1
402 871 20 16.1777 22.2487 1
693 223 20 16.1777 25.2843 1
121 822 20 16.1777 28.3198 1
678 571 20 19.2132 22.2487 1
235 321 20 19.2132 25.2843 1
41 558 20 19.2132 28.3198 1
139 848 20 10.1066 31.3553 1
675 435 20 10.1066 34.3909 1
541 401 20 10.1066 37.4264 1
128 387 20 13.1421 31.3553 1
133 514 20 13.1421 34.3909 1
199 243 20 13.1421 37.4264 1
642 873 20 16.1777 31.3553 1
709 33 20 16.1777 34.3909 1
576 757 20 16.1777 37.4264 1
242 654 20 19.2132 31.3553 1
701 333 20 19.2132 34.3909 1
576 442 20 19.2132 37.4264 1
255 334 20 22.2487 1 1
446 751 20 22.2487 4.03553 1
190 757 20 22.2487 7.07107 1
479 481 20 22.2487 10.1066 1
316 371 20 22.2487 13.1421 1
281 641 20 22.2487 16.1777 1
880 53 20 22.2487 19.2132 1
359 847 20 22.2487 22.2487 1
543 87 20 22.2487 25.2843 1
